30.0000 662.6644 1.0000
30.0200 664.6373 1.0000
30.0400 705.3522 1.0000
30.0600 684.2404 1.0000
30.0800 690.2675 1.0000
30.1000 684.0786 1.0000
30.1200 687.1459 1.0000
30.1400 645.5208 1.0000
30.1600 704.5504 1.0000
30.1800 677.5172 1.0000
30.2000 663.7289 1.0000
30.2200 680.1355 1.0000
30.2400 656.2349 1.0000
30.2600 697.8096 1.0000
30.2800 667.9189 1.0000
30.3000 717.2994 1.0000
30.3200 723.4161 1.0000
30.3400 697.7823 1.0000
30.3600 710.9147 1.0000
30.3800 670.0674 1.0000
30.4000 722.8177 1.0000
30.4200 662.8610 1.0000
30.4400 692.9999 1.0000
30.4600 694.8375 1.0000
30.4800 659.1457 1.0000
30.5000 680.9047 1.0000
30.5200 645.0320 1.0000
30.5400 712.5424 1.0000
30.5600 679.5679 1.0000
30.5800 674.6781 1.0000
30.6000 667.2079 1.0000
30.6200 674.5927 1.0000
30.6400 675.8866 1.0000
30.6600 720.5720 1.0000
30.6800 737.6414 1.0000
30.7000 679.4743 1.0000
30.7200 691.4809 1.0000
30.7400 716.4276 1.0000
30.7600 683.8265 1.0000
30.7800 663.5652 1.0000
30.8000 642.7932 1.0000
30.8200 680.8702 1.0000
30.8400 648.4530 1.0000
30.8600 658.8588 1.0000
30.8800 664.7319 1.0000
30.9000 651.6987 1.0000
30.9200 686.4460 1.0000
30.9400 636.1154 1.0000
30.9600 615.9390 1.0000
30.9800 694.0711 1.0000
31.0000 652.2762 1.0000
31.0200 716.0601 1.0000
31.0400 685.7993 1.0000
31.0600 726.1964 1.0000
31.0800 699.0810 1.0000
31.1000 702.0148 1.0000
31.1200 648.2000 1.0000
31.1400 652.2594 1.0000
31.1600 683.9645 1.0000
31.1800 717.8882 1.0000
31.2000 686.4775 1.0000
31.2200 644.5143 1.0000
31.2400 692.9216 1.0000
31.2600 676.6931 1.0000
31.2800 699.4692 1.0000
31.3000 682.7786 1.0000
31.3200 737.2097 1.0000
31.3400 636.1310 1.0000
31.3600 697.8859 1.0000
31.3800 659.9326 1.0000
31.4000 649.2450 1.0000
31.4200 710.1657 1.0000
31.4400 650.4518 1.0000
31.4600 650.4471 1.0000
31.4800 675.7010 1.0000
31.5000 649.5693 1.0000
31.5200 714.3155 1.0000
31.5400 628.3596 1.0000
31.5600 706.7736 1.0000
31.5800 692.4012 1.0000
31.6000 678.2050 1.0000
31.6200 702.7864 1.0000
31.6400 694.3850 1.0000
31.6600 642.4143 1.0000
31.6800 659.5857 1.0000
31.7000 674.8884 1.0000
31.7200 724.8796 1.0000
31.7400 669.5854 1.0000
31.7600 705.9097 1.0000
31.7800 652.1197 1.0000
31.8000 669.1808 1.0000
31.8200 676.1536 1.0000
31.8400 640.4449 1.0000
31.8600 679.9861 1.0000
31.8800 669.3071 1.0000
31.9000 686.2322 1.0000
31.9200 652.7484 1.0000
31.9400 633.7733 1.0000
31.9600 681.8580 1.0000
31.9800 691.9549 1.0000
32.0000 700.4727 1.0000
32.0200 686.4335 1.0000
32.0400 695.2823 1.0000
32.0600 662.9395 1.0000
32.0800 679.2103 1.0000
32.1000 643.1111 1.0000
32.1200 633.5906 1.0000
32.1400 676.6240 1.0000
32.1600 658.5268 1.0000
32.1800 656.8428 1.0000
32.2000 673.8151 1.0000
32.2200 639.0793 1.0000
32.2400 687.0596 1.0000
32.2600 688.7023 1.0000
32.2800 717.1304 1.0000
32.3000 647.6365 1.0000
32.3200 664.4082 1.0000
32.3400 676.6395 1.0000
32.3600 714.2037 1.0000
32.3800 658.5362 1.0000
32.4000 651.2194 1.0000
32.4200 667.1414 1.0000
32.4400 723.4832 1.0000
32.4600 678.1703 1.0000
32.4800 708.8230 1.0000
32.5000 613.1103 1.0000
32.5200 658.7511 1.0000
32.5400 718.3188 1.0000
32.5600 642.3159 1.0000
32.5800 653.2781 1.0000
32.6000 642.2473 1.0000
32.6200 693.8768 1.0000
32.6400 685.5817 1.0000
32.6600 665.6129 1.0000
32.6800 686.5488 1.0000
32.7000 670.5708 1.0000
32.7200 649.7308 1.0000
32.7400 681.9689 1.0000
32.7600 722.0601 1.0000
32.7800 660.1174 1.0000
32.8000 671.3160 1.0000
32.8200 646.3543 1.0000
32.8400 666.8271 1.0000
32.8600 657.0926 1.0000
32.8800 622.4209 1.0000
32.9000 737.1356 1.0000
32.9200 690.9243 1.0000
32.9400 674.9741 1.0000
32.9600 649.5694 1.0000
32.9800 662.1308 1.0000
33.0000 660.2345 1.0000
33.0200 658.8126 1.0000
33.0400 678.7652 1.0000
33.0600 743.5499 1.0000
33.0800 656.6448 1.0000
33.1000 717.6516 1.0000
33.1200 649.6082 1.0000
33.1400 704.5356 1.0000
33.1600 701.8190 1.0000
33.1800 696.0007 1.0000
33.2000 666.4117 1.0000
33.2200 656.1409 1.0000
33.2400 674.5291 1.0000
33.2600 651.1868 1.0000
33.2800 695.3013 1.0000
33.3000 633.9443 1.0000
33.3200 715.9084 1.0000
33.3400 693.9753 1.0000
33.3600 649.4400 1.0000
33.3800 663.9294 1.0000
33.4000 676.6395 1.0000
33.4200 650.4819 1.0000
33.4400 671.1777 1.0000
33.4600 662.1882 1.0000
33.4800 652.3787 1.0000
33.5000 651.5791 1.0000
33.5200 697.2837 1.0000
33.5400 704.7781 1.0000
33.5600 699.5485 1.0000
33.5800 615.7307 1.0000
33.6000 680.0419 1.0000
33.6200 695.9790 1.0000
33.6400 648.3701 1.0000
33.6600 657.6944 1.0000
33.6800 683.0189 1.0000
33.7000 658.3593 1.0000
33.7200 744.6307 1.0000
33.7400 679.1230 1.0000
33.7600 646.4017 1.0000
33.7800 717.6775 1.0000
33.8000 689.1826 1.0000
33.8200 710.6874 1.0000
33.8400 699.5764 1.0000
33.8600 716.7376 1.0000
33.8800 682.3293 1.0000
33.9000 721.1850 1.0000
33.9200 682.6174 1.0000
33.9400 790.4078 1.0000
33.9600 846.8040 1.0000
33.9800 910.0826 1.0000
34.0000 1032.6538 1.0000
34.0200 1274.9086 1.0000
34.0400 1263.7087 1.0000
34.0600 1380.4158 1.0000
34.0800 1570.4323 1.0000
34.1000 1651.6406 1.0000
34.1200 1608.1813 1.0000
34.1400 1231.5269 1.0000
34.1600 1183.7458 1.0000
34.1800 1062.4377 1.0000
34.2000 1130.7279 1.0000
34.2200 887.2365 1.0000
34.2400 776.5896 1.0000
34.2600 766.6845 1.0000
34.2800 724.9150 1.0000
34.3000 771.8652 1.0000
34.3200 699.2056 1.0000
34.3400 706.7917 1.0000
34.3600 687.9744 1.0000
34.3800 690.7318 1.0000
34.4000 710.5405 1.0000
34.4200 655.5459 1.0000
34.4400 686.5756 1.0000
34.4600 655.2988 1.0000
34.4800 677.1168 1.0000
34.5000 675.8976 1.0000
34.5200 659.6441 1.0000
34.5400 668.8811 1.0000
34.5600 668.8367 1.0000
34.5800 690.6957 1.0000
34.6000 672.2775 1.0000
34.6200 668.0923 1.0000
34.6400 669.8571 1.0000
34.6600 685.3828 1.0000
34.6800 626.4938 1.0000
34.7000 693.1462 1.0000
34.7200 692.3186 1.0000
34.7400 656.9075 1.0000
34.7600 704.4399 1.0000
34.7800 659.5732 1.0000
34.8000 636.3004 1.0000
34.8200 671.7987 1.0000
34.8400 681.6744 1.0000
34.8600 711.3394 1.0000
34.8800 637.1541 1.0000
34.9000 652.7433 1.0000
34.9200 638.1464 1.0000
34.9400 690.2344 1.0000
34.9600 631.2559 1.0000
34.9800 651.6346 1.0000
35.0000 662.2880 1.0000
35.0200 650.5423 1.0000
35.0400 688.0022 1.0000
35.0600 662.8190 1.0000
35.0800 670.5022 1.0000
35.1000 692.0367 1.0000
35.1200 664.5224 1.0000
35.1400 680.6021 1.0000
35.1600 692.3451 1.0000
35.1800 713.1107 1.0000
35.2000 661.1076 1.0000
35.2200 670.1796 1.0000
35.2400 645.1095 1.0000
35.2600 671.7163 1.0000
35.2800 669.7705 1.0000
35.3000 695.4169 1.0000
35.3200 661.0925 1.0000
35.3400 638.5055 1.0000
35.3600 633.8149 1.0000
35.3800 682.3851 1.0000
35.4000 654.5956 1.0000
35.4200 693.2316 1.0000
35.4400 633.6936 1.0000
35.4600 644.3397 1.0000
35.4800 663.9949 1.0000
35.5000 688.4949 1.0000
35.5200 660.3781 1.0000
35.5400 663.5629 1.0000
35.5600 730.0130 1.0000
35.5800 665.3196 1.0000
35.6000 694.9957 1.0000
35.6200 652.9855 1.0000
35.6400 672.7581 1.0000
35.6600 730.1699 1.0000
35.6800 683.2495 1.0000
35.7000 636.2505 1.0000
35.7200 704.7237 1.0000
35.7400 652.9956 1.0000
35.7600 692.1028 1.0000
35.7800 679.4556 1.0000
35.8000 615.9077 1.0000
35.8200 655.9117 1.0000
35.8400 622.0425 1.0000
35.8600 659.0855 1.0000
35.8800 694.7299 1.0000
35.9000 660.4941 1.0000
35.9200 659.5412 1.0000
35.9400 689.8621 1.0000
35.9600 673.6312 1.0000
35.9800 676.8143 1.0000
36.0000 676.3659 1.0000
36.0200 694.6987 1.0000
36.0400 691.4664 1.0000
36.0600 672.2662 1.0000
36.0800 671.0749 1.0000
36.1000 638.7379 1.0000
36.1200 640.8364 1.0000
36.1400 655.9229 1.0000
36.1600 633.2377 1.0000
36.1800 696.1237 1.0000
36.2000 676.1960 1.0000
36.2200 664.3477 1.0000
36.2400 695.9639 1.0000
36.2600 669.5499 1.0000
36.2800 678.1670 1.0000
36.3000 654.1626 1.0000
36.3200 678.4164 1.0000
36.3400 704.0940 1.0000
36.3600 716.5527 1.0000
36.3800 638.6128 1.0000
36.4000 651.3856 1.0000
36.4200 660.5123 1.0000
36.4400 661.5576 1.0000
36.4600 639.3996 1.0000
36.4800 692.0952 1.0000
36.5000 655.5132 1.0000
36.5200 664.1653 1.0000
36.5400 671.3778 1.0000
36.5600 649.9959 1.0000
36.5800 712.5018 1.0000
36.6000 687.9528 1.0000
36.6200 667.7670 1.0000
36.6400 714.3327 1.0000
36.6600 697.9357 1.0000
36.6800 723.9171 1.0000
36.7000 726.9137 1.0000
36.7200 708.8914 1.0000
36.7400 681.8734 1.0000
36.7600 708.1092 1.0000
36.7800 643.6823 1.0000
36.8000 657.4370 1.0000
36.8200 695.5939 1.0000
36.8400 650.5797 1.0000
36.8600 709.9612 1.0000
36.8800 717.8051 1.0000
36.9000 641.1615 1.0000
36.9200 681.8387 1.0000
36.9400 700.2759 1.0000
36.9600 612.4809 1.0000
36.9800 604.3992 1.0000
37.0000 654.0206 1.0000
37.0200 674.0336 1.0000
37.0400 702.7000 1.0000
37.0600 676.5834 1.0000
37.0800 613.5092 1.0000
37.1000 644.6658 1.0000
37.1200 657.3400 1.0000
37.1400 625.3823 1.0000
37.1600 673.9720 1.0000
37.1800 649.2307 1.0000
37.2000 686.9065 1.0000
37.2200 700.2521 1.0000
37.2400 647.9147 1.0000
37.2600 657.2402 1.0000
37.2800 671.5377 1.0000
37.3000 657.5522 1.0000
37.3200 619.9724 1.0000
37.3400 700.2777 1.0000
37.3600 685.0190 1.0000
37.3800 726.7744 1.0000
37.4000 714.4365 1.0000
37.4200 698.6846 1.0000
37.4400 623.0372 1.0000
37.4600 655.2134 1.0000
37.4800 666.0970 1.0000
37.5000 665.1771 1.0000
37.5200 648.7986 1.0000
37.5400 651.3129 1.0000
37.5600 671.3686 1.0000
37.5800 647.7483 1.0000
37.6000 638.0903 1.0000
37.6200 659.7434 1.0000
37.6400 671.0886 1.0000
37.6600 702.9688 1.0000
37.6800 724.6125 1.0000
37.7000 682.7618 1.0000
37.7200 620.3051 1.0000
37.7400 660.4084 1.0000
37.7600 681.3386 1.0000
37.7800 652.3932 1.0000
37.8000 700.1821 1.0000
37.8200 682.2915 1.0000
37.8400 694.5738 1.0000
37.8600 636.0346 1.0000
37.8800 651.5866 1.0000
37.9000 655.7089 1.0000
37.9200 660.6808 1.0000
37.9400 655.3975 1.0000
37.9600 647.1906 1.0000
37.9800 698.5152 1.0000
38.0000 652.4576 1.0000
38.0200 679.8436 1.0000
38.0400 645.2280 1.0000
38.0600 677.5833 1.0000
38.0800 678.2267 1.0000
38.1000 682.4460 1.0000
38.1200 682.9202 1.0000
38.1400 648.7634 1.0000
38.1600 671.3207 1.0000
38.1800 686.0355 1.0000
38.2000 674.5480 1.0000
38.2200 631.9440 1.0000
38.2400 683.9903 1.0000
38.2600 646.3838 1.0000
38.2800 661.4802 1.0000
38.3000 672.0112 1.0000
38.3200 677.2247 1.0000
38.3400 679.9604 1.0000
38.3600 686.8359 1.0000
38.3800 675.5113 1.0000
38.4000 677.0511 1.0000
38.4200 650.2215 1.0000
38.4400 665.0057 1.0000
38.4600 651.0141 1.0000
38.4800 709.2338 1.0000
38.5000 638.1285 1.0000
38.5200 704.8255 1.0000
38.5400 687.8362 1.0000
38.5600 697.6158 1.0000
38.5800 672.8713 1.0000
38.6000 733.4380 1.0000
38.6200 687.4014 1.0000
38.6400 700.4082 1.0000
38.6600 677.7814 1.0000
38.6800 671.7862 1.0000
38.7000 633.7790 1.0000
38.7200 651.2745 1.0000
38.7400 695.7402 1.0000
38.7600 678.0480 1.0000
38.7800 662.8881 1.0000
38.8000 692.2654 1.0000
38.8200 688.2336 1.0000
38.8400 660.4617 1.0000
38.8600 670.5373 1.0000
38.8800 720.8443 1.0000
38.9000 724.6755 1.0000
38.9200 696.0747 1.0000
38.9400 636.9647 1.0000
38.9600 684.2120 1.0000
38.9800 691.3289 1.0000
39.0000 667.2227 1.0000
39.0200 660.1438 1.0000
39.0400 676.8348 1.0000
39.0600 694.9748 1.0000
39.0800 687.4099 1.0000
39.1000 687.6844 1.0000
39.1200 724.8557 1.0000
39.1400 715.3704 1.0000
39.1600 700.2864 1.0000
39.1800 657.6366 1.0000
39.2000 669.3920 1.0000
39.2200 670.9686 1.0000
39.2400 689.0214 1.0000
39.2600 656.0782 1.0000
39.2800 715.3092 1.0000
39.3000 744.4737 1.0000
39.3200 682.3650 1.0000
39.3400 684.2119 1.0000
39.3600 726.9572 1.0000
39.3800 700.4698 1.0000
39.4000 703.0984 1.0000
39.4200 731.8834 1.0000
39.4400 746.6580 1.0000
39.4600 747.9677 1.0000
39.4800 776.0999 1.0000
39.5000 834.6528 1.0000
39.5200 913.5625 1.0000
39.5400 1023.5344 1.0000
39.5600 1187.0457 1.0000
39.5800 1186.3892 1.0000
39.6000 1078.3871 1.0000
39.6200 964.3843 1.0000
39.6400 972.9950 1.0000
39.6600 918.1765 1.0000
39.6800 883.1548 1.0000
39.7000 889.9775 1.0000
39.7200 798.4548 1.0000
39.7400 732.1132 1.0000
39.7600 739.1370 1.0000
39.7800 721.0577 1.0000
39.8000 714.3306 1.0000
39.8200 751.4307 1.0000
39.8400 710.7167 1.0000
39.8600 685.8053 1.0000
39.8800 704.8873 1.0000
39.9000 711.8207 1.0000
39.9200 716.5098 1.0000
39.9400 752.1575 1.0000
39.9600 750.4756 1.0000
39.9800 767.5988 1.0000
40.0000 731.6510 1.0000
40.0200 776.8837 1.0000
40.0400 717.4106 1.0000
40.0600 715.9743 1.0000
40.0800 713.4207 1.0000
40.1000 711.0701 1.0000
40.1200 687.3786 1.0000
40.1400 700.5525 1.0000
40.1600 693.8410 1.0000
40.1800 682.0032 1.0000
40.2000 712.8345 1.0000
40.2200 646.7471 1.0000
40.2400 712.9069 1.0000
40.2600 679.0557 1.0000
40.2800 644.2401 1.0000
40.3000 706.7303 1.0000
40.3200 681.7502 1.0000
40.3400 700.8473 1.0000
40.3600 692.8674 1.0000
40.3800 718.8400 1.0000
40.4000 660.2274 1.0000
40.4200 681.7573 1.0000
40.4400 665.8458 1.0000
40.4600 687.6317 1.0000
40.4800 665.9291 1.0000
40.5000 724.2579 1.0000
40.5200 681.6417 1.0000
40.5400 647.2953 1.0000
40.5600 675.3497 1.0000
40.5800 682.2987 1.0000
40.6000 647.8237 1.0000
40.6200 659.4434 1.0000
40.6400 667.6093 1.0000
40.6600 689.8205 1.0000
40.6800 705.6609 1.0000
40.7000 664.9358 1.0000
40.7200 694.5793 1.0000
40.7400 667.9425 1.0000
40.7600 681.0424 1.0000
40.7800 727.4100 1.0000
40.8000 703.9652 1.0000
40.8200 621.2563 1.0000
40.8400 702.0998 1.0000
40.8600 657.4321 1.0000
40.8800 690.9394 1.0000
40.9000 676.5496 1.0000
40.9200 691.6754 1.0000
40.9400 645.6171 1.0000
40.9600 640.3729 1.0000
40.9800 720.2851 1.0000
41.0000 670.5038 1.0000
41.0200 682.5066 1.0000
41.0400 695.5545 1.0000
41.0600 655.3382 1.0000
41.0800 674.0773 1.0000
41.1000 642.5936 1.0000
41.1200 658.9030 1.0000
41.1400 682.9709 1.0000
41.1600 632.2025 1.0000
41.1800 675.7328 1.0000
41.2000 657.3956 1.0000
41.2200 666.5779 1.0000
41.2400 701.7921 1.0000
41.2600 681.3011 1.0000
41.2800 683.6061 1.0000
41.3000 682.6631 1.0000
41.3200 669.6805 1.0000
41.3400 705.7114 1.0000
41.3600 645.5458 1.0000
41.3800 683.6844 1.0000
41.4000 664.0485 1.0000
41.4200 659.2892 1.0000
41.4400 690.7924 1.0000
41.4600 704.5530 1.0000
41.4800 678.5770 1.0000
41.5000 630.0894 1.0000
41.5200 668.8044 1.0000
41.5400 705.4216 1.0000
41.5600 690.4321 1.0000
41.5800 681.0658 1.0000
41.6000 693.0524 1.0000
41.6200 661.9469 1.0000
41.6400 714.1260 1.0000
41.6600 696.0524 1.0000
41.6800 667.8985 1.0000
41.7000 681.6102 1.0000
41.7200 662.7928 1.0000
41.7400 712.2809 1.0000
41.7600 672.7925 1.0000
41.7800 686.1201 1.0000
41.8000 654.3749 1.0000
41.8200 669.7419 1.0000
41.8400 677.1917 1.0000
41.8600 657.3019 1.0000
41.8800 643.2888 1.0000
41.9000 658.1167 1.0000
41.9200 652.2170 1.0000
41.9400 746.2802 1.0000
41.9600 672.0093 1.0000
41.9800 674.8081 1.0000
42.0000 680.3914 1.0000
42.0200 733.7204 1.0000
42.0400 663.6304 1.0000
42.0600 669.1714 1.0000
42.0800 678.4759 1.0000
42.1000 700.0419 1.0000
42.1200 666.3616 1.0000
42.1400 685.2923 1.0000
42.1600 678.8549 1.0000
42.1800 723.3770 1.0000
42.2000 670.9530 1.0000
42.2200 666.0739 1.0000
42.2400 673.6082 1.0000
42.2600 678.9359 1.0000
42.2800 697.8344 1.0000
42.3000 630.1119 1.0000
42.3200 670.6733 1.0000
42.3400 647.3734 1.0000
42.3600 687.7701 1.0000
42.3800 651.0591 1.0000
42.4000 682.0405 1.0000
42.4200 642.6454 1.0000
42.4400 657.2918 1.0000
42.4600 694.9526 1.0000
42.4800 651.9741 1.0000
42.5000 704.2803 1.0000
42.5200 688.3831 1.0000
42.5400 739.4792 1.0000
42.5600 688.9101 1.0000
42.5800 721.3734 1.0000
42.6000 693.8237 1.0000
42.6200 694.0747 1.0000
42.6400 664.7637 1.0000
42.6600 673.1830 1.0000
42.6800 659.6262 1.0000
42.7000 682.2831 1.0000
42.7200 704.7537 1.0000
42.7400 753.6002 1.0000
42.7600 714.0738 1.0000
42.7800 696.3265 1.0000
42.8000 658.6614 1.0000
42.8200 674.3770 1.0000
42.8400 700.9564 1.0000
42.8600 705.2181 1.0000
42.8800 724.5991 1.0000
42.9000 728.3146 1.0000
42.9200 673.1177 1.0000
42.9400 679.7107 1.0000
42.9600 708.9012 1.0000
42.9800 707.6581 1.0000
43.0000 735.6640 1.0000
43.0200 727.3563 1.0000
43.0400 685.9300 1.0000
43.0600 660.8253 1.0000
43.0800 696.3718 1.0000
43.1000 665.9071 1.0000
43.1200 685.4568 1.0000
43.1400 683.4109 1.0000
43.1600 705.6355 1.0000
43.1800 701.0502 1.0000
43.2000 685.8990 1.0000
43.2200 713.8892 1.0000
43.2400 693.0387 1.0000
43.2600 709.6490 1.0000
43.2800 700.1506 1.0000
43.3000 673.2337 1.0000
43.3200 730.8098 1.0000
43.3400 682.0527 1.0000
43.3600 695.2767 1.0000
43.3800 728.8301 1.0000
43.4000 708.9131 1.0000
43.4200 666.8314 1.0000
43.4400 686.5452 1.0000
43.4600 718.1095 1.0000
43.4800 693.7004 1.0000
43.5000 733.4424 1.0000
43.5200 666.3463 1.0000
43.5400 748.4388 1.0000
43.5600 705.8484 1.0000
43.5800 687.1313 1.0000
43.6000 734.6941 1.0000
43.6200 730.5829 1.0000
43.6400 711.3090 1.0000
43.6600 720.3177 1.0000
43.6800 677.8437 1.0000
43.7000 679.5106 1.0000
43.7200 687.1397 1.0000
43.7400 689.3524 1.0000
43.7600 739.3260 1.0000
43.7800 740.0588 1.0000
43.8000 728.5106 1.0000
43.8200 746.5649 1.0000
43.8400 719.2449 1.0000
43.8600 746.7276 1.0000
43.8800 705.7669 1.0000
43.9000 733.7795 1.0000
43.9200 771.3514 1.0000
43.9400 750.9660 1.0000
43.9600 785.8652 1.0000
43.9800 809.0260 1.0000
44.0000 833.1199 1.0000
44.0200 779.2316 1.0000
44.0400 793.3427 1.0000
44.0600 780.8669 1.0000
44.0800 740.3281 1.0000
44.1000 819.0626 1.0000
44.1200 821.8369 1.0000
44.1400 847.9848 1.0000
44.1600 886.6026 1.0000
44.1800 890.4817 1.0000
44.2000 967.0240 1.0000
44.2200 949.0210 1.0000
44.2400 1036.1660 1.0000
44.2600 1108.0129 1.0000
44.2800 1124.0902 1.0000
44.3000 1253.1906 1.0000
44.3200 1386.1625 1.0000
44.3400 1577.5228 1.0000
44.3600 1862.4283 1.0000
44.3800 2269.0203 1.0000
44.4000 2865.3459 1.0000
44.4200 3775.5576 1.0000
44.4400 5434.5371 1.0000
44.4600 7271.7915 1.0000
44.4800 7467.7549 1.0000
44.5000 5398.9985 1.0000
44.5200 3893.5212 1.0000
44.5400 3397.4768 1.0000
44.5600 3941.2708 1.0000
44.5800 4398.2437 1.0000
44.6000 4169.7607 1.0000
44.6200 2826.8879 1.0000
44.6400 1898.5618 1.0000
44.6600 1460.1865 1.0000
44.6800 1264.5934 1.0000
44.7000 1171.4740 1.0000
44.7200 1035.4919 1.0000
44.7400 1016.6903 1.0000
44.7600 999.2474 1.0000
44.7800 930.9570 1.0000
44.8000 842.6700 1.0000
44.8200 850.2840 1.0000
44.8400 802.0860 1.0000
44.8600 775.5941 1.0000
44.8800 785.1606 1.0000
44.9000 783.2144 1.0000
44.9200 773.9621 1.0000
44.9400 762.4736 1.0000
44.9600 755.9203 1.0000
44.9800 752.3580 1.0000
45.0000 770.3465 1.0000
45.0200 743.5513 1.0000
45.0400 709.9614 1.0000
45.0600 759.6069 1.0000
45.0800 751.9914 1.0000
45.1000 739.0245 1.0000
45.1200 761.0325 1.0000
45.1400 722.9740 1.0000
45.1600 738.1763 1.0000
45.1800 763.2355 1.0000
45.2000 735.8607 1.0000
45.2200 747.4609 1.0000
45.2400 790.1815 1.0000
45.2600 798.9805 1.0000
45.2800 760.8568 1.0000
45.3000 761.7583 1.0000
45.3200 698.1985 1.0000
45.3400 729.1088 1.0000
45.3600 766.4374 1.0000
45.3800 718.3043 1.0000
45.4000 739.8491 1.0000
45.4200 677.7598 1.0000
45.4400 690.9922 1.0000
45.4600 699.3414 1.0000
45.4800 725.8325 1.0000
45.5000 664.2542 1.0000
45.5200 705.9225 1.0000
45.5400 703.9025 1.0000
45.5600 741.3269 1.0000
45.5800 710.0714 1.0000
45.6000 706.5681 1.0000
45.6200 739.2883 1.0000
45.6400 677.9647 1.0000
45.6600 684.9842 1.0000
45.6800 690.4564 1.0000
45.7000 739.7312 1.0000
45.7200 703.6837 1.0000
45.7400 670.3564 1.0000
45.7600 650.1162 1.0000
45.7800 694.8575 1.0000
45.8000 676.6453 1.0000
45.8200 673.2999 1.0000
45.8400 666.1882 1.0000
45.8600 718.7352 1.0000
45.8800 723.0297 1.0000
45.9000 687.6011 1.0000
45.9200 633.2507 1.0000
45.9400 729.9446 1.0000
45.9600 739.6348 1.0000
45.9800 702.5347 1.0000
46.0000 626.2057 1.0000
46.0200 690.9667 1.0000
46.0400 686.8304 1.0000
46.0600 706.9769 1.0000
46.0800 684.9742 1.0000
46.1000 691.5198 1.0000
46.1200 683.9760 1.0000
46.1400 695.5709 1.0000
46.1600 647.8685 1.0000
46.1800 734.6425 1.0000
46.2000 683.1347 1.0000
46.2200 693.6867 1.0000
46.2400 699.6235 1.0000
46.2600 717.0120 1.0000
46.2800 670.1531 1.0000
46.3000 699.5196 1.0000
46.3200 679.3457 1.0000
46.3400 717.8105 1.0000
46.3600 723.1759 1.0000
46.3800 713.2216 1.0000
46.4000 676.9550 1.0000
46.4200 653.9370 1.0000
46.4400 714.6824 1.0000
46.4600 697.9059 1.0000
46.4800 666.6786 1.0000
46.5000 671.2037 1.0000
46.5200 677.6281 1.0000
46.5400 707.7112 1.0000
46.5600 702.7834 1.0000
46.5800 663.6321 1.0000
46.6000 669.4846 1.0000
46.6200 706.5645 1.0000
46.6400 656.2220 1.0000
46.6600 705.7608 1.0000
46.6800 714.9295 1.0000
46.7000 687.1551 1.0000
46.7200 690.5182 1.0000
46.7400 658.0922 1.0000
46.7600 691.8560 1.0000
46.7800 720.0214 1.0000
46.8000 712.5728 1.0000
46.8200 659.5675 1.0000
46.8400 669.9650 1.0000
46.8600 692.7222 1.0000
46.8800 708.2169 1.0000
46.9000 662.2414 1.0000
46.9200 675.9435 1.0000
46.9400 625.7966 1.0000
46.9600 708.1150 1.0000
46.9800 668.7463 1.0000
47.0000 701.6418 1.0000
47.0200 734.8240 1.0000
47.0400 658.6414 1.0000
47.0600 647.5956 1.0000
47.0800 697.2672 1.0000
47.1000 689.6098 1.0000
47.1200 694.5754 1.0000
47.1400 714.3500 1.0000
47.1600 703.6630 1.0000
47.1800 680.0729 1.0000
47.2000 683.0699 1.0000
47.2200 720.6916 1.0000
47.2400 640.0227 1.0000
47.2600 706.7974 1.0000
47.2800 671.8513 1.0000
47.3000 684.4815 1.0000
47.3200 714.6412 1.0000
47.3400 736.8362 1.0000
47.3600 718.6987 1.0000
47.3800 725.3202 1.0000
47.4000 686.8965 1.0000
47.4200 687.2522 1.0000
47.4400 712.8212 1.0000
47.4600 722.5018 1.0000
47.4800 702.1310 1.0000
47.5000 686.5753 1.0000
47.5200 668.1486 1.0000
47.5400 706.1581 1.0000
47.5600 692.1697 1.0000
47.5800 686.3145 1.0000
47.6000 715.0156 1.0000
47.6200 702.3429 1.0000
47.6400 677.2678 1.0000
47.6600 685.1050 1.0000
47.6800 710.6123 1.0000
47.7000 697.3743 1.0000
47.7200 713.9388 1.0000
47.7400 636.2736 1.0000
47.7600 688.4761 1.0000
47.7800 692.3531 1.0000
47.8000 659.4993 1.0000
47.8200 690.8109 1.0000
47.8400 736.0889 1.0000
47.8600 701.1555 1.0000
47.8800 684.8305 1.0000
47.9000 713.5482 1.0000
47.9200 692.1486 1.0000
47.9400 734.2397 1.0000
47.9600 677.5499 1.0000
47.9800 631.7367 1.0000
48.0000 701.7921 1.0000
48.0200 704.9773 1.0000
48.0400 724.1857 1.0000
48.0600 681.8201 1.0000
48.0800 658.6893 1.0000
48.1000 706.0741 1.0000
48.1200 707.8302 1.0000
48.1400 716.7250 1.0000
48.1600 683.4396 1.0000
48.1800 715.2213 1.0000
48.2000 675.2022 1.0000
48.2200 683.5042 1.0000
48.2400 702.1277 1.0000
48.2600 650.8522 1.0000
48.2800 687.4429 1.0000
48.3000 669.1138 1.0000
48.3200 676.8210 1.0000
48.3400 697.5052 1.0000
48.3600 710.5412 1.0000
48.3800 735.7377 1.0000
48.4000 685.9130 1.0000
48.4200 668.3708 1.0000
48.4400 678.6123 1.0000
48.4600 696.7829 1.0000
48.4800 699.1675 1.0000
48.5000 747.6380 1.0000
48.5200 743.5052 1.0000
48.5400 759.9022 1.0000
48.5600 738.5090 1.0000
48.5800 723.4840 1.0000
48.6000 707.5155 1.0000
48.6200 710.3802 1.0000
48.6400 771.3700 1.0000
48.6600 792.0681 1.0000
48.6800 792.3808 1.0000
48.7000 788.2375 1.0000
48.7200 775.3538 1.0000
48.7400 819.4346 1.0000
48.7600 911.4110 1.0000
48.7800 896.6323 1.0000
48.8000 931.2307 1.0000
48.8200 998.0684 1.0000
48.8400 1101.1083 1.0000
48.8600 1192.3785 1.0000
48.8800 1397.1488 1.0000
48.9000 1681.7153 1.0000
48.9200 2121.5066 1.0000
48.9400 2505.0662 1.0000
48.9600 3324.5710 1.0000
48.9800 4297.3457 1.0000
49.0000 4194.2251 1.0000
49.0200 3068.7114 1.0000
49.0400 2314.7378 1.0000
49.0600 2015.3705 1.0000
49.0800 2078.6165 1.0000
49.1000 2526.9058 1.0000
49.1200 2609.8362 1.0000
49.1400 2156.0493 1.0000
49.1600 1552.3230 1.0000
49.1800 1160.7897 1.0000
49.2000 1022.8400 1.0000
49.2200 964.2302 1.0000
49.2400 908.9934 1.0000
49.2600 849.7978 1.0000
49.2800 810.7808 1.0000
49.3000 768.5709 1.0000
49.3200 790.5773 1.0000
49.3400 746.7593 1.0000
49.3600 749.9498 1.0000
49.3800 759.1033 1.0000
49.4000 759.7830 1.0000
49.4200 752.0522 1.0000
49.4400 709.9845 1.0000
49.4600 733.3149 1.0000
49.4800 746.1932 1.0000
49.5000 741.7431 1.0000
49.5200 692.0787 1.0000
49.5400 704.7980 1.0000
49.5600 750.8027 1.0000
49.5800 688.8669 1.0000
49.6000 696.1309 1.0000
49.6200 727.8456 1.0000
49.6400 743.6713 1.0000
49.6600 733.8886 1.0000
49.6800 674.3689 1.0000
49.7000 676.0467 1.0000
49.7200 748.5244 1.0000
49.7400 678.3925 1.0000
49.7600 734.3060 1.0000
49.7800 680.4105 1.0000
49.8000 664.4286 1.0000
49.8200 682.8051 1.0000
49.8400 723.8312 1.0000
49.8600 665.0082 1.0000
49.8800 702.4738 1.0000
49.9000 685.1016 1.0000
49.9200 650.1707 1.0000
49.9400 653.6127 1.0000
49.9600 692.1417 1.0000
49.9800 681.6451 1.0000
50.0000 674.8987 1.0000
50.0200 700.5662 1.0000
50.0400 680.1223 1.0000
50.0600 708.0317 1.0000
50.0800 706.9764 1.0000
50.1000 700.3019 1.0000
50.1200 693.0779 1.0000
50.1400 722.8116 1.0000
50.1600 645.0020 1.0000
50.1800 688.5292 1.0000
50.2000 705.0181 1.0000
50.2200 704.7128 1.0000
50.2400 730.0260 1.0000
50.2600 698.0257 1.0000
50.2800 688.3676 1.0000
50.3000 719.4677 1.0000
50.3200 730.5764 1.0000
50.3400 669.4782 1.0000
50.3600 684.7646 1.0000
50.3800 665.5767 1.0000
50.4000 652.9809 1.0000
50.4200 723.5816 1.0000
50.4400 685.0054 1.0000
50.4600 673.0353 1.0000
50.4800 707.3697 1.0000
50.5000 667.2939 1.0000
50.5200 673.8617 1.0000
50.5400 673.3182 1.0000
50.5600 698.0685 1.0000
50.5800 684.6613 1.0000
50.6000 710.1747 1.0000
50.6200 659.5991 1.0000
50.6400 663.2413 1.0000
50.6600 672.0925 1.0000
50.6800 681.5899 1.0000
50.7000 667.0522 1.0000
50.7200 690.5908 1.0000
50.7400 664.9774 1.0000
50.7600 655.3799 1.0000
50.7800 641.4709 1.0000
50.8000 667.7543 1.0000
50.8200 641.5888 1.0000
50.8400 702.5454 1.0000
50.8600 662.6768 1.0000
50.8800 670.3804 1.0000
50.9000 692.0933 1.0000
50.9200 674.8552 1.0000
50.9400 728.9365 1.0000
50.9600 700.1369 1.0000
50.9800 683.9561 1.0000
51.0000 686.3038 1.0000
51.0200 683.1376 1.0000
51.0400 707.9646 1.0000
51.0600 702.1130 1.0000
51.0800 683.3687 1.0000
51.1000 663.8932 1.0000
51.1200 645.4827 1.0000
51.1400 686.9280 1.0000
51.1600 672.9433 1.0000
51.1800 684.0736 1.0000
51.2000 712.1047 1.0000
51.2200 665.4677 1.0000
51.2400 694.0117 1.0000
51.2600 644.7832 1.0000
51.2800 716.1477 1.0000
51.3000 665.5611 1.0000
51.3200 722.1996 1.0000
51.3400 672.2100 1.0000
51.3600 653.8438 1.0000
51.3800 667.7036 1.0000
51.4000 612.8096 1.0000
51.4200 639.7993 1.0000
51.4400 672.3719 1.0000
51.4600 686.8973 1.0000
51.4800 685.9269 1.0000
51.5000 670.7955 1.0000
51.5200 735.4574 1.0000
51.5400 665.5593 1.0000
51.5600 666.1755 1.0000
51.5800 626.5933 1.0000
51.6000 670.0411 1.0000
51.6200 665.6667 1.0000
51.6400 693.0858 1.0000
51.6600 697.4120 1.0000
51.6800 703.6451 1.0000
51.7000 695.4468 1.0000
51.7200 662.6605 1.0000
51.7400 693.7441 1.0000
51.7600 647.3211 1.0000
51.7800 666.2994 1.0000
51.8000 706.0526 1.0000
51.8200 679.9341 1.0000
51.8400 668.1835 1.0000
51.8600 638.8638 1.0000
51.8800 699.1166 1.0000
51.9000 716.8150 1.0000
51.9200 649.5266 1.0000
51.9400 696.3055 1.0000
51.9600 669.4692 1.0000
51.9800 659.3864 1.0000
52.0000 661.0565 1.0000
52.0200 702.0987 1.0000
52.0400 692.1346 1.0000
52.0600 659.0819 1.0000
52.0800 676.3591 1.0000
52.1000 683.6464 1.0000
52.1200 680.8030 1.0000
52.1400 599.7507 1.0000
52.1600 673.7561 1.0000
52.1800 675.5948 1.0000
52.2000 693.8375 1.0000
52.2200 650.0748 1.0000
52.2400 694.2924 1.0000
52.2600 679.6420 1.0000
52.2800 688.0631 1.0000
52.3000 675.3677 1.0000
52.3200 654.9709 1.0000
52.3400 687.4056 1.0000
52.3600 698.6320 1.0000
52.3800 692.1694 1.0000
52.4000 640.4081 1.0000
52.4200 709.9223 1.0000
52.4400 651.6113 1.0000
52.4600 711.2207 1.0000
52.4800 661.3971 1.0000
52.5000 691.1891 1.0000
52.5200 690.9893 1.0000
52.5400 675.8600 1.0000
52.5600 661.3449 1.0000
52.5800 683.9761 1.0000
52.6000 677.2951 1.0000
52.6200 689.8939 1.0000
52.6400 667.8295 1.0000
52.6600 695.8422 1.0000
52.6800 651.8265 1.0000
52.7000 650.8540 1.0000
52.7200 672.2727 1.0000
52.7400 626.9862 1.0000
52.7600 660.5402 1.0000
52.7800 681.7205 1.0000
52.8000 656.0112 1.0000
52.8200 667.2999 1.0000
52.8400 684.3985 1.0000
52.8600 715.9407 1.0000
52.8800 651.2162 1.0000
52.9000 641.8626 1.0000
52.9200 679.2205 1.0000
52.9400 682.6130 1.0000
52.9600 651.3168 1.0000
52.9800 661.9193 1.0000
53.0000 701.9945 1.0000
53.0200 733.4692 1.0000
53.0400 724.8138 1.0000
53.0600 685.2635 1.0000
53.0800 692.2495 1.0000
53.1000 682.3331 1.0000
53.1200 665.6843 1.0000
53.1400 695.3286 1.0000
53.1600 681.5269 1.0000
53.1800 637.7914 1.0000
53.2000 691.4935 1.0000
53.2200 662.1954 1.0000
53.2400 693.5596 1.0000
53.2600 648.8189 1.0000
53.2800 652.7228 1.0000
53.3000 687.9516 1.0000
53.3200 684.0939 1.0000
53.3400 690.7170 1.0000
53.3600 697.5072 1.0000
53.3800 673.7659 1.0000
53.4000 654.2432 1.0000
53.4200 659.3573 1.0000
53.4400 652.9589 1.0000
53.4600 663.1296 1.0000
53.4800 687.3885 1.0000
53.5000 640.5267 1.0000
53.5200 682.2195 1.0000
53.5400 704.8318 1.0000
53.5600 650.9169 1.0000
53.5800 676.7341 1.0000
53.6000 652.9574 1.0000
53.6200 659.2092 1.0000
53.6400 656.9377 1.0000
53.6600 644.0416 1.0000
53.6800 694.5402 1.0000
53.7000 672.5635 1.0000
53.7200 678.2006 1.0000
53.7400 683.2803 1.0000
53.7600 687.8870 1.0000
53.7800 647.7985 1.0000
53.8000 633.1835 1.0000
53.8200 632.1229 1.0000
53.8400 654.0153 1.0000
53.8600 668.9755 1.0000
53.8800 647.2330 1.0000
53.9000 707.9549 1.0000
53.9200 680.9459 1.0000
53.9400 680.5366 1.0000
53.9600 692.9766 1.0000
53.9800 705.0029 1.0000
54.0000 696.8077 1.0000
54.0200 640.6802 1.0000
54.0400 665.1536 1.0000
54.0600 649.1677 1.0000
54.0800 668.0266 1.0000
54.1000 681.8282 1.0000
54.1200 643.3574 1.0000
54.1400 692.5688 1.0000
54.1600 664.3160 1.0000
54.1800 681.2874 1.0000
54.2000 684.3758 1.0000
54.2200 678.1628 1.0000
54.2400 669.6682 1.0000
54.2600 653.7924 1.0000
54.2800 666.6335 1.0000
54.3000 700.9531 1.0000
54.3200 667.2956 1.0000
54.3400 618.6652 1.0000
54.3600 675.4623 1.0000
54.3800 661.1798 1.0000
54.4000 616.1978 1.0000
54.4200 671.7935 1.0000
54.4400 636.1317 1.0000
54.4600 633.7088 1.0000
54.4800 673.1954 1.0000
54.5000 723.0527 1.0000
54.5200 662.6529 1.0000
54.5400 679.7094 1.0000
54.5600 680.1629 1.0000
54.5800 651.6160 1.0000
54.6000 687.5936 1.0000
54.6200 650.1788 1.0000
54.6400 639.5152 1.0000
54.6600 658.3393 1.0000
54.6800 687.7260 1.0000
54.7000 677.4528 1.0000
54.7200 674.5876 1.0000
54.7400 629.1953 1.0000
54.7600 687.8438 1.0000
54.7800 676.3744 1.0000
54.8000 657.9433 1.0000
54.8200 692.5877 1.0000
54.8400 743.2493 1.0000
54.8600 628.3910 1.0000
54.8800 694.1013 1.0000
54.9000 656.5418 1.0000
54.9200 670.3867 1.0000
54.9400 622.6704 1.0000
54.9600 702.0378 1.0000
54.9800 705.2492 1.0000
55.0000 666.9905 1.0000
55.0200 696.4524 1.0000
55.0400 681.5115 1.0000
55.0600 631.8897 1.0000
55.0800 676.0071 1.0000
55.1000 678.7667 1.0000
55.1200 695.7809 1.0000
55.1400 675.4058 1.0000
55.1600 677.2691 1.0000
55.1800 655.4518 1.0000
55.2000 670.4570 1.0000
55.2200 628.6846 1.0000
55.2400 635.8315 1.0000
55.2600 702.9236 1.0000
55.2800 695.9061 1.0000
55.3000 685.7003 1.0000
55.3200 656.5966 1.0000
55.3400 660.9280 1.0000
55.3600 660.3221 1.0000
55.3800 642.7059 1.0000
55.4000 642.9652 1.0000
55.4200 694.5149 1.0000
55.4400 671.6341 1.0000
55.4600 579.7166 1.0000
55.4800 625.7190 1.0000
55.5000 637.1240 1.0000
55.5200 674.0285 1.0000
55.5400 633.0508 1.0000
55.5600 637.8696 1.0000
55.5800 674.3827 1.0000
55.6000 682.2883 1.0000
55.6200 646.1664 1.0000
55.6400 645.0969 1.0000
55.6600 730.9355 1.0000
55.6800 644.1670 1.0000
55.7000 686.7147 1.0000
55.7200 631.8010 1.0000
55.7400 646.0429 1.0000
55.7600 663.1863 1.0000
55.7800 675.1536 1.0000
55.8000 692.2100 1.0000
55.8200 669.8917 1.0000
55.8400 699.7040 1.0000
55.8600 675.8566 1.0000
55.8800 687.3381 1.0000
55.9000 726.4402 1.0000
55.9200 632.1006 1.0000
55.9400 680.9824 1.0000
55.9600 653.0428 1.0000
55.9800 690.1902 1.0000
56.0000 667.2995 1.0000
56.0200 695.2170 1.0000
56.0400 653.6711 1.0000
56.0600 668.5616 1.0000
56.0800 676.2149 1.0000
56.1000 687.7755 1.0000
56.1200 699.9607 1.0000
56.1400 696.1229 1.0000
56.1600 642.6093 1.0000
56.1800 704.4630 1.0000
56.2000 750.7185 1.0000
56.2200 704.0447 1.0000
56.2400 659.1497 1.0000
56.2600 714.3594 1.0000
56.2800 703.7811 1.0000
56.3000 698.3100 1.0000
56.3200 697.9761 1.0000
56.3400 653.6223 1.0000
56.3600 647.6942 1.0000
56.3800 644.5037 1.0000
56.4000 683.9516 1.0000
56.4200 664.3489 1.0000
56.4400 665.4333 1.0000
56.4600 644.9022 1.0000
56.4800 629.8890 1.0000
56.5000 670.1309 1.0000
56.5200 655.7263 1.0000
56.5400 645.2931 1.0000
56.5600 681.3375 1.0000
56.5800 675.2681 1.0000
56.6000 706.0726 1.0000
56.6200 656.7862 1.0000
56.6400 646.3468 1.0000
56.6600 702.6873 1.0000
56.6800 682.4086 1.0000
56.7000 677.0173 1.0000
56.7200 695.9266 1.0000
56.7400 700.8578 1.0000
56.7600 698.0445 1.0000
56.7800 688.5975 1.0000
56.8000 661.0290 1.0000
56.8200 682.7786 1.0000
56.8400 648.3945 1.0000
56.8600 628.2079 1.0000
56.8800 664.9703 1.0000
56.9000 690.8768 1.0000
56.9200 728.0973 1.0000
56.9400 690.8635 1.0000
56.9600 682.1819 1.0000
56.9800 663.3146 1.0000
57.0000 624.8765 1.0000
57.0200 707.9054 1.0000
57.0400 662.7331 1.0000
57.0600 631.2009 1.0000
57.0800 718.8594 1.0000
57.1000 639.1694 1.0000
57.1200 672.6356 1.0000
57.1400 697.9992 1.0000
57.1600 674.1754 1.0000
57.1800 711.5712 1.0000
57.2000 672.2086 1.0000
57.2200 672.6443 1.0000
57.2400 694.0330 1.0000
57.2600 661.4211 1.0000
57.2800 664.1407 1.0000
57.3000 660.7653 1.0000
57.3200 646.8319 1.0000
57.3400 685.3671 1.0000
57.3600 665.8675 1.0000
57.3800 678.2719 1.0000
57.4000 676.4261 1.0000
57.4200 657.0895 1.0000
57.4400 680.1408 1.0000
57.4600 661.8103 1.0000
57.4800 686.7659 1.0000
57.5000 668.7009 1.0000
57.5200 672.6700 1.0000
57.5400 654.6448 1.0000
57.5600 690.0850 1.0000
57.5800 681.6122 1.0000
57.6000 681.0989 1.0000
57.6200 687.7302 1.0000
57.6400 627.6246 1.0000
57.6600 633.9005 1.0000
57.6800 639.5051 1.0000
57.7000 658.3735 1.0000
57.7200 688.8287 1.0000
57.7400 673.6644 1.0000
57.7600 666.2865 1.0000
57.7800 673.7242 1.0000
57.8000 711.2573 1.0000
57.8200 643.5565 1.0000
57.8400 697.6345 1.0000
57.8600 682.9757 1.0000
57.8800 652.5327 1.0000
57.9000 668.6743 1.0000
57.9200 653.8959 1.0000
57.9400 674.4889 1.0000
57.9600 676.8903 1.0000
57.9800 674.2695 1.0000
58.0000 665.1644 1.0000
58.0200 691.6478 1.0000
58.0400 656.2656 1.0000
58.0600 667.9379 1.0000
58.0800 662.8898 1.0000
58.1000 641.7466 1.0000
58.1200 679.9691 1.0000
58.1400 646.9836 1.0000
58.1600 605.4414 1.0000
58.1800 657.8608 1.0000
58.2000 693.5282 1.0000
58.2200 661.8956 1.0000
58.2400 656.4935 1.0000
58.2600 660.6699 1.0000
58.2800 665.9380 1.0000
58.3000 695.3860 1.0000
58.3200 695.9941 1.0000
58.3400 697.0712 1.0000
58.3600 649.6644 1.0000
58.3800 654.0300 1.0000
58.4000 672.9489 1.0000
58.4200 630.1928 1.0000
58.4400 609.8195 1.0000
58.4600 670.2582 1.0000
58.4800 673.5166 1.0000
58.5000 619.9077 1.0000
58.5200 667.7621 1.0000
58.5400 629.0568 1.0000
58.5600 658.3026 1.0000
58.5800 699.6136 1.0000
58.6000 674.7559 1.0000
58.6200 702.8205 1.0000
58.6400 645.3914 1.0000
58.6600 645.5364 1.0000
58.6800 686.2616 1.0000
58.7000 665.5363 1.0000
58.7200 681.6526 1.0000
58.7400 679.5081 1.0000
58.7600 640.8774 1.0000
58.7800 647.1306 1.0000
58.8000 686.8712 1.0000
58.8200 637.9706 1.0000
58.8400 667.7556 1.0000
58.8600 654.3380 1.0000
58.8800 643.6644 1.0000
58.9000 673.6883 1.0000
58.9200 646.9297 1.0000
58.9400 680.0372 1.0000
58.9600 650.5446 1.0000
58.9800 646.8885 1.0000
59.0000 666.8851 1.0000
59.0200 668.8472 1.0000
59.0400 670.3828 1.0000
59.0600 684.9716 1.0000
59.0800 662.7318 1.0000
59.1000 665.6548 1.0000
59.1200 675.5236 1.0000
59.1400 655.6309 1.0000
59.1600 652.8740 1.0000
59.1800 648.4836 1.0000
59.2000 702.2446 1.0000
59.2200 651.1272 1.0000
59.2400 655.7258 1.0000
59.2600 679.7692 1.0000
59.2800 666.9377 1.0000
59.3000 725.5474 1.0000
59.3200 677.5453 1.0000
59.3400 665.4421 1.0000
59.3600 708.3130 1.0000
59.3800 680.2687 1.0000
59.4000 642.5554 1.0000
59.4200 631.5927 1.0000
59.4400 682.4721 1.0000
59.4600 654.7789 1.0000
59.4800 692.9159 1.0000
59.5000 658.7474 1.0000
59.5200 651.0270 1.0000
59.5400 657.0947 1.0000
59.5600 690.6259 1.0000
59.5800 634.6112 1.0000
59.6000 669.1140 1.0000
59.6200 686.3444 1.0000
59.6400 640.1246 1.0000
59.6600 674.9326 1.0000
59.6800 654.1556 1.0000
59.7000 662.0264 1.0000
59.7200 699.5311 1.0000
59.7400 684.3109 1.0000
59.7600 657.4806 1.0000
59.7800 630.4848 1.0000
59.8000 666.1030 1.0000
59.8200 611.2268 1.0000
59.8400 652.2755 1.0000
59.8600 699.0911 1.0000
59.8800 655.8561 1.0000
59.9000 660.7708 1.0000
59.9200 608.0540 1.0000
59.9400 662.0281 1.0000
59.9600 677.1858 1.0000
59.9800 629.2639 1.0000
60.0000 680.6414 1.0000
60.0200 667.3122 1.0000
60.0400 669.1122 1.0000
60.0600 649.3970 1.0000
60.0800 652.7831 1.0000
60.1000 673.5192 1.0000
60.1200 655.6024 1.0000
60.1400 658.6115 1.0000
60.1600 649.8260 1.0000
60.1800 665.9984 1.0000
60.2000 647.1927 1.0000
60.2200 625.3245 1.0000
60.2400 648.5745 1.0000
60.2600 648.1597 1.0000
60.2800 659.1967 1.0000
60.3000 636.7859 1.0000
60.3200 683.9368 1.0000
60.3400 625.1717 1.0000
60.3600 655.9965 1.0000
60.3800 658.7691 1.0000
60.4000 663.5652 1.0000
60.4200 721.3387 1.0000
60.4400 634.3082 1.0000
60.4600 678.4112 1.0000
60.4800 640.6588 1.0000
60.5000 670.6951 1.0000
60.5200 670.0204 1.0000
60.5400 626.7357 1.0000
60.5600 691.1582 1.0000
60.5800 642.1288 1.0000
60.6000 648.4264 1.0000
60.6200 634.6363 1.0000
60.6400 676.5065 1.0000
60.6600 659.4847 1.0000
60.6800 639.7672 1.0000
60.7000 678.3173 1.0000
60.7200 730.7991 1.0000
60.7400 703.9473 1.0000
60.7600 679.5716 1.0000
60.7800 691.6287 1.0000
60.8000 663.6838 1.0000
60.8200 688.6536 1.0000
60.8400 724.2258 1.0000
60.8600 727.3875 1.0000
60.8800 714.2702 1.0000
60.9000 711.4802 1.0000
60.9200 711.7213 1.0000
60.9400 766.3889 1.0000
60.9600 831.6753 1.0000
60.9800 836.5795 1.0000
61.0000 856.5836 1.0000
61.0200 922.2281 1.0000
61.0400 995.6233 1.0000
61.0600 891.8055 1.0000
61.0800 868.3220 1.0000
61.1000 742.9327 1.0000
61.1200 759.7582 1.0000
61.1400 769.0513 1.0000
61.1600 794.6751 1.0000
61.1800 815.5734 1.0000
61.2000 760.4537 1.0000
61.2200 799.0025 1.0000
61.2400 765.3618 1.0000
61.2600 712.3948 1.0000
61.2800 680.1204 1.0000
61.3000 714.2119 1.0000
61.3200 702.0334 1.0000
61.3400 689.9314 1.0000
61.3600 668.9069 1.0000
61.3800 681.2593 1.0000
61.4000 675.9342 1.0000
61.4200 711.0607 1.0000
61.4400 671.7676 1.0000
61.4600 678.6744 1.0000
61.4800 685.2129 1.0000
61.5000 706.9146 1.0000
61.5200 654.6479 1.0000
61.5400 679.4073 1.0000
61.5600 677.3083 1.0000
61.5800 687.6219 1.0000
61.6000 658.6415 1.0000
61.6200 693.7310 1.0000
61.6400 693.4342 1.0000
61.6600 716.7261 1.0000
61.6800 677.9700 1.0000
61.7000 700.4529 1.0000
61.7200 697.8523 1.0000
61.7400 668.6158 1.0000
61.7600 708.9062 1.0000
61.7800 687.3890 1.0000
61.8000 690.6067 1.0000
61.8200 656.3174 1.0000
61.8400 636.5532 1.0000
61.8600 716.3296 1.0000
61.8800 704.3438 1.0000
61.9000 640.1180 1.0000
61.9200 680.4431 1.0000
61.9400 687.3054 1.0000
61.9600 706.6204 1.0000
61.9800 655.9030 1.0000
62.0000 703.0746 1.0000
62.0200 666.1278 1.0000
62.0400 633.6334 1.0000
62.0600 673.7947 1.0000
62.0800 683.5894 1.0000
62.1000 668.2667 1.0000
62.1200 634.1616 1.0000
62.1400 678.0468 1.0000
62.1600 684.3894 1.0000
62.1800 685.9063 1.0000
62.2000 657.0724 1.0000
62.2200 682.7557 1.0000
62.2400 693.9528 1.0000
62.2600 650.4714 1.0000
62.2800 649.6513 1.0000
62.3000 643.6489 1.0000
62.3200 670.2114 1.0000
62.3400 651.3860 1.0000
62.3600 647.7245 1.0000
62.3800 711.0159 1.0000
62.4000 659.1144 1.0000
62.4200 667.4481 1.0000
62.4400 658.5485 1.0000
62.4600 660.2158 1.0000
62.4800 718.4933 1.0000
62.5000 676.4814 1.0000
62.5200 637.6058 1.0000
62.5400 643.2732 1.0000
62.5600 663.2559 1.0000
62.5800 670.0237 1.0000
62.6000 654.9543 1.0000
62.6200 706.0191 1.0000
62.6400 637.2841 1.0000
62.6600 674.6542 1.0000
62.6800 672.4097 1.0000
62.7000 716.8083 1.0000
62.7200 636.2677 1.0000
62.7400 620.6049 1.0000
62.7600 664.1565 1.0000
62.7800 610.3859 1.0000
62.8000 671.2376 1.0000
62.8200 681.9481 1.0000
62.8400 674.1981 1.0000
62.8600 711.0550 1.0000
62.8800 658.8589 1.0000
62.9000 648.7442 1.0000
62.9200 689.4059 1.0000
62.9400 686.8724 1.0000
62.9600 613.0513 1.0000
62.9800 689.5963 1.0000
63.0000 620.9899 1.0000
63.0200 688.3508 1.0000
63.0400 693.8047 1.0000
63.0600 656.5640 1.0000
63.0800 641.7936 1.0000
63.1000 673.7300 1.0000
63.1200 688.3900 1.0000
63.1400 671.5818 1.0000
63.1600 640.0389 1.0000
63.1800 660.6613 1.0000
63.2000 648.3286 1.0000
63.2200 665.4248 1.0000
63.2400 664.2704 1.0000
63.2600 696.9346 1.0000
63.2800 701.9044 1.0000
63.3000 738.5908 1.0000
63.3200 742.2168 1.0000
63.3400 650.5935 1.0000
63.3600 678.3551 1.0000
63.3800 668.5988 1.0000
63.4000 680.0001 1.0000
63.4200 686.5222 1.0000
63.4400 698.7885 1.0000
63.4600 680.0757 1.0000
63.4800 690.4972 1.0000
63.5000 676.6852 1.0000
63.5200 706.8944 1.0000
63.5400 632.3221 1.0000
63.5600 691.3174 1.0000
63.5800 666.7015 1.0000
63.6000 697.2067 1.0000
63.6200 678.2455 1.0000
63.6400 656.4055 1.0000
63.6600 644.4577 1.0000
63.6800 701.0511 1.0000
63.7000 660.7770 1.0000
63.7200 646.1697 1.0000
63.7400 716.8995 1.0000
63.7600 637.3978 1.0000
63.7800 685.0172 1.0000
63.8000 675.1871 1.0000
63.8200 637.0466 1.0000
63.8400 636.0804 1.0000
63.8600 655.9617 1.0000
63.8800 650.7435 1.0000
63.9000 649.7378 1.0000
63.9200 705.3663 1.0000
63.9400 677.2754 1.0000
63.9600 666.1391 1.0000
63.9800 630.6033 1.0000
64.0000 669.6099 1.0000
64.0200 664.3012 1.0000
64.0400 712.2109 1.0000
64.0600 704.2778 1.0000
64.0800 638.1939 1.0000
64.1000 675.4271 1.0000
64.1200 664.0358 1.0000
64.1400 669.8002 1.0000
64.1600 613.6544 1.0000
64.1800 670.2195 1.0000
64.2000 687.2596 1.0000
64.2200 678.6246 1.0000
64.2400 647.8423 1.0000
64.2600 640.3182 1.0000
64.2800 714.4077 1.0000
64.3000 681.9496 1.0000
64.3200 695.7111 1.0000
64.3400 689.6013 1.0000
64.3600 653.6795 1.0000
64.3800 639.1880 1.0000
64.4000 648.2285 1.0000
64.4200 693.1123 1.0000
64.4400 644.8282 1.0000
64.4600 680.9515 1.0000
64.4800 700.1349 1.0000
64.5000 694.7719 1.0000
64.5200 659.8072 1.0000
64.5400 659.6559 1.0000
64.5600 692.3347 1.0000
64.5800 721.4616 1.0000
64.6000 716.5289 1.0000
64.6200 672.4235 1.0000
64.6400 727.0477 1.0000
64.6600 720.7144 1.0000
64.6800 782.3580 1.0000
64.7000 834.7374 1.0000
64.7200 886.8998 1.0000
64.7400 950.9485 1.0000
64.7600 875.1251 1.0000
64.7800 819.2694 1.0000
64.8000 735.2579 1.0000
64.8200 756.8243 1.0000
64.8400 796.9493 1.0000
64.8600 740.8439 1.0000
64.8800 763.6728 1.0000
64.9000 800.3898 1.0000
64.9200 874.7017 1.0000
64.9400 771.7367 1.0000
64.9600 713.7160 1.0000
64.9800 713.8053 1.0000
65.0000 724.6016 1.0000
65.0200 693.8080 1.0000
65.0400 673.3451 1.0000
65.0600 743.5242 1.0000
65.0800 717.1508 1.0000
65.1000 695.9884 1.0000
65.1200 630.9919 1.0000
65.1400 693.5037 1.0000
65.1600 679.2766 1.0000
65.1800 668.9903 1.0000
65.2000 674.5386 1.0000
65.2200 658.9265 1.0000
65.2400 638.3364 1.0000
65.2600 669.5826 1.0000
65.2800 644.9103 1.0000
65.3000 680.7161 1.0000
65.3200 706.1911 1.0000
65.3400 671.6181 1.0000
65.3600 656.7324 1.0000
65.3800 681.7552 1.0000
65.4000 679.6186 1.0000
65.4200 692.7464 1.0000
65.4400 692.7095 1.0000
65.4600 738.6868 1.0000
65.4800 685.2434 1.0000
65.5000 671.7770 1.0000
65.5200 730.1758 1.0000
65.5400 702.9951 1.0000
65.5600 669.7014 1.0000
65.5800 665.0768 1.0000
65.6000 678.1502 1.0000
65.6200 676.4394 1.0000
65.6400 640.3216 1.0000
65.6600 693.6127 1.0000
65.6800 680.1808 1.0000
65.7000 662.0966 1.0000
65.7200 654.6688 1.0000
65.7400 673.2318 1.0000
65.7600 668.5439 1.0000
65.7800 644.9449 1.0000
65.8000 643.4699 1.0000
65.8200 687.4557 1.0000
65.8400 743.5089 1.0000
65.8600 638.5305 1.0000
65.8800 644.5643 1.0000
65.9000 712.1619 1.0000
65.9200 679.8130 1.0000
65.9400 658.6909 1.0000
65.9600 678.5029 1.0000
65.9800 667.0790 1.0000
66.0000 690.8196 1.0000
66.0200 641.0682 1.0000
66.0400 662.9056 1.0000
66.0600 679.2594 1.0000
66.0800 643.5196 1.0000
66.1000 695.4377 1.0000
66.1200 688.0042 1.0000
66.1400 630.8180 1.0000
66.1600 620.6205 1.0000
66.1800 707.1336 1.0000
66.2000 656.8165 1.0000
66.2200 664.6648 1.0000
66.2400 693.9132 1.0000
66.2600 649.6306 1.0000
66.2800 656.8462 1.0000
66.3000 679.6886 1.0000
66.3200 646.0688 1.0000
66.3400 682.2617 1.0000
66.3600 686.5645 1.0000
66.3800 672.4077 1.0000
66.4000 718.0955 1.0000
66.4200 674.3124 1.0000
66.4400 726.6880 1.0000
66.4600 698.1919 1.0000
66.4800 656.1802 1.0000
66.5000 646.2769 1.0000
66.5200 690.7115 1.0000
66.5400 691.7465 1.0000
66.5600 685.2529 1.0000
66.5800 666.5618 1.0000
66.6000 685.5517 1.0000
66.6200 696.2033 1.0000
66.6400 664.5952 1.0000
66.6600 654.7356 1.0000
66.6800 643.9090 1.0000
66.7000 695.7091 1.0000
66.7200 658.4986 1.0000
66.7400 668.3178 1.0000
66.7600 727.6128 1.0000
66.7800 669.6311 1.0000
66.8000 650.4461 1.0000
66.8200 681.8745 1.0000
66.8400 644.0757 1.0000
66.8600 649.7605 1.0000
66.8800 658.2420 1.0000
66.9000 696.1706 1.0000
66.9200 656.1500 1.0000
66.9400 685.2930 1.0000
66.9600 680.5536 1.0000
66.9800 693.5531 1.0000
67.0000 695.2152 1.0000
67.0200 703.0359 1.0000
67.0400 691.0499 1.0000
67.0600 689.8996 1.0000
67.0800 701.2407 1.0000
67.1000 691.6951 1.0000
67.1200 635.2911 1.0000
67.1400 637.8527 1.0000
67.1600 682.2388 1.0000
67.1800 705.0840 1.0000
67.2000 688.0022 1.0000
67.2200 683.1736 1.0000
67.2400 682.5533 1.0000
67.2600 714.9185 1.0000
67.2800 682.4023 1.0000
67.3000 611.6728 1.0000
67.3200 664.9026 1.0000
67.3400 676.5469 1.0000
67.3600 679.1163 1.0000
67.3800 685.8742 1.0000
67.4000 658.5251 1.0000
67.4200 669.4544 1.0000
67.4400 652.6741 1.0000
67.4600 704.3165 1.0000
67.4800 678.8373 1.0000
67.5000 653.2229 1.0000
67.5200 645.6714 1.0000
67.5400 653.5721 1.0000
67.5600 711.8008 1.0000
67.5800 674.6440 1.0000
67.6000 706.7268 1.0000
67.6200 720.3705 1.0000
67.6400 701.5860 1.0000
67.6600 675.2520 1.0000
67.6800 700.9848 1.0000
67.7000 661.2419 1.0000
67.7200 686.8892 1.0000
67.7400 666.3353 1.0000
67.7600 714.2270 1.0000
67.7800 698.7963 1.0000
67.8000 686.6239 1.0000
67.8200 679.2623 1.0000
67.8400 666.9958 1.0000
67.8600 712.9695 1.0000
67.8800 710.6222 1.0000
67.9000 707.3730 1.0000
67.9200 672.8986 1.0000
67.9400 721.4178 1.0000
67.9600 676.2806 1.0000
67.9800 734.2618 1.0000
68.0000 690.8229 1.0000
68.0200 741.3336 1.0000
68.0400 721.1561 1.0000
68.0600 715.8735 1.0000
68.0800 723.1457 1.0000
68.1000 706.3829 1.0000
68.1200 745.7740 1.0000
68.1400 762.4817 1.0000
68.1600 763.1451 1.0000
68.1800 773.4352 1.0000
68.2000 843.4719 1.0000
68.2200 845.1157 1.0000
68.2400 930.3676 1.0000
68.2600 1097.9550 1.0000
68.2800 1273.9885 1.0000
68.3000 1510.3027 1.0000
68.3200 1621.6907 1.0000
68.3400 1471.5114 1.0000
68.3600 1265.8113 1.0000
68.3800 1002.2615 1.0000
68.4000 959.5123 1.0000
68.4200 867.8152 1.0000
68.4400 966.1052 1.0000
68.4600 999.1675 1.0000
68.4800 1081.5710 1.0000
68.5000 1144.8236 1.0000
68.5200 1108.4991 1.0000
68.5400 1055.1436 1.0000
68.5600 877.7536 1.0000
68.5800 879.5999 1.0000
68.6000 787.2814 1.0000
68.6200 737.1846 1.0000
68.6400 748.9261 1.0000
68.6600 686.6084 1.0000
68.6800 687.6840 1.0000
68.7000 697.6923 1.0000
68.7200 726.2515 1.0000
68.7400 719.4576 1.0000
68.7600 659.9049 1.0000
68.7800 631.1964 1.0000
68.8000 702.3171 1.0000
68.8200 661.1784 1.0000
68.8400 697.4969 1.0000
68.8600 697.6146 1.0000
68.8800 693.0394 1.0000
68.9000 685.1553 1.0000
68.9200 639.0639 1.0000
68.9400 657.8506 1.0000
68.9600 682.4499 1.0000
68.9800 703.5485 1.0000
69.0000 723.7336 1.0000
69.0200 692.2814 1.0000
69.0400 655.4190 1.0000
69.0600 722.0396 1.0000
69.0800 686.8683 1.0000
69.1000 713.7286 1.0000
69.1200 707.5497 1.0000
69.1400 636.7925 1.0000
69.1600 655.5995 1.0000
69.1800 652.7730 1.0000
69.2000 667.9292 1.0000
69.2200 687.7604 1.0000
69.2400 689.7219 1.0000
69.2600 694.6324 1.0000
69.2800 670.5370 1.0000
69.3000 683.4954 1.0000
69.3200 683.7563 1.0000
69.3400 679.9568 1.0000
69.3600 681.0555 1.0000
69.3800 687.5546 1.0000
69.4000 671.9975 1.0000
69.4200 658.2639 1.0000
69.4400 720.9697 1.0000
69.4600 688.2945 1.0000
69.4800 693.4881 1.0000
69.5000 689.5593 1.0000
69.5200 665.1157 1.0000
69.5400 675.6617 1.0000
69.5600 665.1668 1.0000
69.5800 698.9669 1.0000
69.6000 699.4821 1.0000
69.6200 676.5495 1.0000
69.6400 706.7739 1.0000
69.6600 670.1959 1.0000
69.6800 683.8068 1.0000
69.7000 667.5334 1.0000
69.7200 693.8737 1.0000
69.7400 720.7075 1.0000
69.7600 698.1290 1.0000
69.7800 718.8507 1.0000
69.8000 694.7524 1.0000
69.8200 722.3132 1.0000
69.8400 720.4443 1.0000
69.8600 691.7287 1.0000
69.8800 701.8687 1.0000
69.9000 679.8980 1.0000
69.9200 706.2924 1.0000
69.9400 697.2511 1.0000
69.9600 681.1660 1.0000
69.9800 692.2864 1.0000
70.0000 693.5181 1.0000
70.0200 643.9824 1.0000
70.0400 693.0535 1.0000
70.0600 675.0066 1.0000
70.0800 691.8542 1.0000
70.1000 682.3474 1.0000
70.1200 671.1985 1.0000
70.1400 662.6210 1.0000
70.1600 659.4015 1.0000
70.1800 666.8118 1.0000
70.2000 715.8549 1.0000
70.2200 663.7796 1.0000
70.2400 689.5173 1.0000
70.2600 692.5754 1.0000
70.2800 713.1753 1.0000
70.3000 702.2478 1.0000
70.3200 668.1711 1.0000
70.3400 685.4348 1.0000
70.3600 654.0552 1.0000
70.3800 682.7076 1.0000
70.4000 700.5761 1.0000
70.4200 707.5367 1.0000
70.4400 689.4440 1.0000
70.4600 691.9983 1.0000
70.4800 640.8073 1.0000
70.5000 684.0258 1.0000
70.5200 682.0720 1.0000
70.5400 725.4506 1.0000
70.5600 654.0669 1.0000
70.5800 665.1038 1.0000
70.6000 713.4086 1.0000
70.6200 667.3207 1.0000
70.6400 669.3020 1.0000
70.6600 672.9869 1.0000
70.6800 694.5836 1.0000
70.7000 656.9749 1.0000
70.7200 686.7541 1.0000
70.7400 692.4552 1.0000
70.7600 668.5916 1.0000
70.7800 671.7062 1.0000
70.8000 721.4966 1.0000
70.8200 683.4271 1.0000
70.8400 681.9411 1.0000
70.8600 701.7935 1.0000
70.8800 702.2250 1.0000
70.9000 666.3438 1.0000
70.9200 708.5642 1.0000
70.9400 653.4731 1.0000
70.9600 673.8861 1.0000
70.9800 756.5724 1.0000
71.0000 679.8184 1.0000
71.0200 734.3848 1.0000
71.0400 633.5849 1.0000
71.0600 679.0295 1.0000
71.0800 755.6507 1.0000
71.1000 696.2938 1.0000
71.1200 666.1101 1.0000
71.1400 687.1655 1.0000
71.1600 613.3015 1.0000
71.1800 704.8393 1.0000
71.2000 730.9101 1.0000
71.2200 676.7164 1.0000
71.2400 689.6712 1.0000
71.2600 698.1146 1.0000
71.2800 662.3425 1.0000
71.3000 716.5883 1.0000
71.3200 664.3082 1.0000
71.3400 689.4868 1.0000
71.3600 652.9930 1.0000
71.3800 701.7731 1.0000
71.4000 645.4752 1.0000
71.4200 639.8754 1.0000
71.4400 667.1677 1.0000
71.4600 684.7843 1.0000
71.4800 702.8838 1.0000
71.5000 649.0110 1.0000
71.5200 689.7324 1.0000
71.5400 677.5926 1.0000
71.5600 636.2936 1.0000
71.5800 659.3948 1.0000
71.6000 701.9321 1.0000
71.6200 684.3965 1.0000
71.6400 679.5438 1.0000
71.6600 714.9357 1.0000
71.6800 681.2552 1.0000
71.7000 684.2660 1.0000
71.7200 721.1516 1.0000
71.7400 723.5612 1.0000
71.7600 811.3757 1.0000
71.7800 824.0847 1.0000
71.8000 798.7679 1.0000
71.8200 822.2870 1.0000
71.8400 778.5731 1.0000
71.8600 736.3617 1.0000
71.8800 730.9218 1.0000
71.9000 709.7701 1.0000
71.9200 749.0316 1.0000
71.9400 701.5993 1.0000
71.9600 757.9373 1.0000
71.9800 770.2712 1.0000
72.0000 763.4427 1.0000
72.0200 748.4584 1.0000
72.0400 747.0288 1.0000
72.0600 705.7260 1.0000
72.0800 734.9249 1.0000
72.1000 707.1739 1.0000
72.1200 723.8691 1.0000
72.1400 683.2984 1.0000
72.1600 708.1890 1.0000
72.1800 679.1808 1.0000
72.2000 697.7288 1.0000
72.2200 650.0868 1.0000
72.2400 704.3174 1.0000
72.2600 734.0813 1.0000
72.2800 669.5542 1.0000
72.3000 655.9688 1.0000
72.3200 689.7266 1.0000
72.3400 688.7971 1.0000
72.3600 684.6705 1.0000
72.3800 689.4213 1.0000
72.4000 713.0986 1.0000
72.4200 698.7178 1.0000
72.4400 671.5887 1.0000
72.4600 699.0995 1.0000
72.4800 671.6240 1.0000
72.5000 668.9422 1.0000
72.5200 694.2586 1.0000
72.5400 666.5279 1.0000
72.5600 718.4777 1.0000
72.5800 671.4210 1.0000
72.6000 662.7045 1.0000
72.6200 680.9061 1.0000
72.6400 677.3752 1.0000
72.6600 698.3726 1.0000
72.6800 679.2488 1.0000
72.7000 719.1904 1.0000
72.7200 667.6245 1.0000
72.7400 687.5714 1.0000
72.7600 646.9174 1.0000
72.7800 653.7339 1.0000
72.8000 660.2531 1.0000
72.8200 628.1811 1.0000
72.8400 671.0748 1.0000
72.8600 694.7289 1.0000
72.8800 708.6427 1.0000
72.9000 678.0284 1.0000
72.9200 711.8881 1.0000
72.9400 685.2610 1.0000
72.9600 719.2038 1.0000
72.9800 656.2563 1.0000
73.0000 700.0113 1.0000
73.0200 654.1158 1.0000
73.0400 708.3829 1.0000
73.0600 691.6263 1.0000
73.0800 648.1630 1.0000
73.1000 654.6373 1.0000
73.1200 678.9354 1.0000
73.1400 659.9564 1.0000
73.1600 689.1753 1.0000
73.1800 681.0728 1.0000
73.2000 697.2823 1.0000
73.2200 697.6188 1.0000
73.2400 698.4605 1.0000
73.2600 706.7322 1.0000
73.2800 686.5074 1.0000
73.3000 678.7733 1.0000
73.3200 682.6190 1.0000
73.3400 725.1580 1.0000
73.3600 707.8932 1.0000
73.3800 672.1974 1.0000
73.4000 691.0873 1.0000
73.4200 665.8054 1.0000
73.4400 708.8538 1.0000
73.4600 695.3424 1.0000
73.4800 630.8682 1.0000
73.5000 670.4099 1.0000
73.5200 690.7186 1.0000
73.5400 693.0232 1.0000
73.5600 717.5777 1.0000
73.5800 640.8226 1.0000
73.6000 647.5294 1.0000
73.6200 672.4877 1.0000
73.6400 650.4701 1.0000
73.6600 625.8632 1.0000
73.6800 731.0653 1.0000
73.7000 683.6580 1.0000
73.7200 690.1506 1.0000
73.7400 679.5869 1.0000
73.7600 664.6473 1.0000
73.7800 649.4414 1.0000
73.8000 672.3094 1.0000
73.8200 733.9772 1.0000
73.8400 693.1254 1.0000
73.8600 681.2500 1.0000
73.8800 686.3417 1.0000
73.9000 675.7139 1.0000
73.9200 704.3768 1.0000
73.9400 702.9771 1.0000
73.9600 703.6103 1.0000
73.9800 693.1669 1.0000
74.0000 697.4363 1.0000
74.0200 682.3069 1.0000
74.0400 711.9840 1.0000
74.0600 683.7265 1.0000
74.0800 657.9537 1.0000
74.1000 669.6497 1.0000
74.1200 696.1223 1.0000
74.1400 692.3674 1.0000
74.1600 695.7095 1.0000
74.1800 707.1133 1.0000
74.2000 696.9924 1.0000
74.2200 711.3942 1.0000
74.2400 725.1799 1.0000
74.2600 668.9855 1.0000
74.2800 700.4730 1.0000
74.3000 684.4318 1.0000
74.3200 649.1179 1.0000
74.3400 727.5631 1.0000
74.3600 700.9794 1.0000
74.3800 714.5040 1.0000
74.4000 669.8838 1.0000
74.4200 682.7287 1.0000
74.4400 664.7947 1.0000
74.4600 699.3076 1.0000
74.4800 655.5430 1.0000
74.5000 683.1515 1.0000
74.5200 666.7092 1.0000
74.5400 638.4438 1.0000
74.5600 678.6833 1.0000
74.5800 726.2651 1.0000
74.6000 691.9272 1.0000
74.6200 677.4700 1.0000
74.6400 637.4371 1.0000
74.6600 715.8174 1.0000
74.6800 718.1830 1.0000
74.7000 660.8569 1.0000
74.7200 691.9268 1.0000
74.7400 692.9296 1.0000
74.7600 706.5549 1.0000
74.7800 704.4032 1.0000
74.8000 703.2366 1.0000
74.8200 699.3618 1.0000
74.8400 704.2659 1.0000
74.8600 698.1401 1.0000
74.8800 746.8386 1.0000
74.9000 771.8548 1.0000
74.9200 678.8305 1.0000
74.9400 701.8939 1.0000
74.9600 693.4954 1.0000
74.9800 687.6932 1.0000
75.0000 696.5128 1.0000
75.0200 700.7794 1.0000
75.0400 736.0218 1.0000
75.0600 700.4323 1.0000
75.0800 731.7299 1.0000
75.1000 744.3048 1.0000
75.1200 792.6065 1.0000
75.1400 769.4328 1.0000
75.1600 822.0767 1.0000
75.1800 921.6566 1.0000
75.2000 1083.1642 1.0000
75.2200 1162.6235 1.0000
75.2400 1379.4906 1.0000
75.2600 1220.6326 1.0000
75.2800 1084.7390 1.0000
75.3000 901.5603 1.0000
75.3200 826.5584 1.0000
75.3400 802.1924 1.0000
75.3600 824.0397 1.0000
75.3800 790.1623 1.0000
75.4000 844.7531 1.0000
75.4200 870.0643 1.0000
75.4400 962.7411 1.0000
75.4600 995.0145 1.0000
75.4800 973.2715 1.0000
75.5000 905.7230 1.0000
75.5200 830.5057 1.0000
75.5400 747.1126 1.0000
75.5600 770.1853 1.0000
75.5800 737.4136 1.0000
75.6000 757.8967 1.0000
75.6200 705.8290 1.0000
75.6400 695.4675 1.0000
75.6600 752.7488 1.0000
75.6800 714.7137 1.0000
75.7000 718.9958 1.0000
75.7200 691.9044 1.0000
75.7400 676.8008 1.0000
75.7600 731.0677 1.0000
75.7800 717.7149 1.0000
75.8000 734.4544 1.0000
75.8200 671.0025 1.0000
75.8400 759.8892 1.0000
75.8600 725.6257 1.0000
75.8800 692.5848 1.0000
75.9000 673.9530 1.0000
75.9200 635.1558 1.0000
75.9400 719.3926 1.0000
75.9600 708.1709 1.0000
75.9800 658.4781 1.0000
76.0000 711.7090 1.0000
76.0200 692.6061 1.0000
76.0400 673.0307 1.0000
76.0600 720.0308 1.0000
76.0800 670.5287 1.0000
76.1000 737.7139 1.0000
76.1200 682.2198 1.0000
76.1400 708.4156 1.0000
76.1600 645.9709 1.0000
76.1800 695.9954 1.0000
76.2000 644.0919 1.0000
76.2200 692.7654 1.0000
76.2400 765.9203 1.0000
76.2600 663.2062 1.0000
76.2800 713.2993 1.0000
76.3000 670.5258 1.0000
76.3200 653.4331 1.0000
76.3400 701.2119 1.0000
76.3600 682.5152 1.0000
76.3800 698.7822 1.0000
76.4000 697.6932 1.0000
76.4200 704.4901 1.0000
76.4400 677.7744 1.0000
76.4600 707.7518 1.0000
76.4800 710.7815 1.0000
76.5000 662.1293 1.0000
76.5200 662.3993 1.0000
76.5400 673.2825 1.0000
76.5600 664.1141 1.0000
76.5800 687.8444 1.0000
76.6000 703.3992 1.0000
76.6200 663.1525 1.0000
76.6400 672.5331 1.0000
76.6600 708.2356 1.0000
76.6800 692.6411 1.0000
76.7000 657.3369 1.0000
76.7200 704.6776 1.0000
76.7400 688.6254 1.0000
76.7600 680.9004 1.0000
76.7800 686.7620 1.0000
76.8000 687.5755 1.0000
76.8200 694.0928 1.0000
76.8400 691.7330 1.0000
76.8600 672.6970 1.0000
76.8800 713.9883 1.0000
76.9000 691.1263 1.0000
76.9200 675.3535 1.0000
76.9400 681.5976 1.0000
76.9600 731.9385 1.0000
76.9800 678.1304 1.0000
77.0000 722.8079 1.0000
77.0200 663.9113 1.0000
77.0400 702.3392 1.0000
77.0600 704.1979 1.0000
77.0800 684.6080 1.0000
77.1000 646.1346 1.0000
77.1200 686.4669 1.0000
77.1400 718.5412 1.0000
77.1600 710.1635 1.0000
77.1800 706.2645 1.0000
77.2000 703.5994 1.0000
77.2200 735.7368 1.0000
77.2400 707.2319 1.0000
77.2600 680.4562 1.0000
77.2800 694.2986 1.0000
77.3000 703.0989 1.0000
77.3200 681.4476 1.0000
77.3400 751.5865 1.0000
77.3600 705.4275 1.0000
77.3800 697.7842 1.0000
77.4000 696.8383 1.0000
77.4200 660.8762 1.0000
77.4400 682.9763 1.0000
77.4600 702.7968 1.0000
77.4800 693.7044 1.0000
77.5000 707.4529 1.0000
77.5200 688.3602 1.0000
77.5400 730.7151 1.0000
77.5600 655.2906 1.0000
77.5800 726.7710 1.0000
77.6000 672.9090 1.0000
77.6200 638.2791 1.0000
77.6400 720.2280 1.0000
77.6600 707.4491 1.0000
77.6800 683.9779 1.0000
77.7000 704.4823 1.0000
77.7200 653.8630 1.0000
77.7400 655.7107 1.0000
77.7600 677.3415 1.0000
77.7800 710.3303 1.0000
77.8000 690.3035 1.0000
77.8200 633.4970 1.0000
77.8400 674.3742 1.0000
77.8600 757.2932 1.0000
77.8800 700.3787 1.0000
77.9000 743.7495 1.0000
77.9200 701.5380 1.0000
77.9400 697.2756 1.0000
77.9600 735.4420 1.0000
77.9800 703.0868 1.0000
78.0000 717.1968 1.0000
78.0200 672.0071 1.0000
78.0400 787.6521 1.0000
78.0600 713.2629 1.0000
78.0800 764.1800 1.0000
78.1000 749.4069 1.0000
78.1200 716.0208 1.0000
78.1400 738.6201 1.0000
78.1600 750.2777 1.0000
78.1800 755.8033 1.0000
78.2000 692.4869 1.0000
78.2200 757.2996 1.0000
78.2400 689.3616 1.0000
78.2600 737.6614 1.0000
78.2800 759.3239 1.0000
78.3000 739.1887 1.0000
78.3200 808.2502 1.0000
78.3400 785.7717 1.0000
78.3600 850.9526 1.0000
78.3800 801.8389 1.0000
78.4000 850.3495 1.0000
78.4200 831.3268 1.0000
78.4400 859.6333 1.0000
78.4600 892.2667 1.0000
78.4800 897.7662 1.0000
78.5000 1021.6234 1.0000
78.5200 1163.3416 1.0000
78.5400 1315.5587 1.0000
78.5600 1669.5677 1.0000
78.5800 1998.2478 1.0000
78.6000 2384.0811 1.0000
78.6200 2448.3411 1.0000
78.6400 2365.8169 1.0000
78.6600 1841.8490 1.0000
78.6800 1529.6296 1.0000
78.7000 1281.3999 1.0000
78.7200 1142.3917 1.0000
78.7400 1099.2937 1.0000
78.7600 1113.2555 1.0000
78.7800 1160.9857 1.0000
78.8000 1364.9934 1.0000
78.8200 1575.4174 1.0000
78.8400 1605.1255 1.0000
78.8600 1542.1986 1.0000
78.8800 1463.2633 1.0000
78.9000 1253.3464 1.0000
78.9200 1080.0044 1.0000
78.9400 971.9059 1.0000
78.9600 912.1083 1.0000
78.9800 882.7135 1.0000
79.0000 832.8081 1.0000
79.0200 786.4688 1.0000
79.0400 808.7397 1.0000
79.0600 724.5504 1.0000
79.0800 751.6276 1.0000
79.1000 741.8555 1.0000
79.1200 768.4335 1.0000
79.1400 758.4857 1.0000
79.1600 738.0121 1.0000
79.1800 776.7170 1.0000
79.2000 724.1078 1.0000
79.2200 740.1042 1.0000
79.2400 731.4697 1.0000
79.2600 712.0339 1.0000
79.2800 705.0331 1.0000
79.3000 741.3450 1.0000
79.3200 767.3061 1.0000
79.3400 695.4429 1.0000
79.3600 720.7714 1.0000
79.3800 705.1097 1.0000
79.4000 672.8881 1.0000
79.4200 724.1723 1.0000
79.4400 683.9532 1.0000
79.4600 681.6719 1.0000
79.4800 699.8185 1.0000
79.5000 705.6146 1.0000
79.5200 730.3889 1.0000
79.5400 695.0615 1.0000
79.5600 681.9139 1.0000
79.5800 703.2471 1.0000
79.6000 725.0419 1.0000
79.6200 698.3234 1.0000
79.6400 679.0977 1.0000
79.6600 694.9326 1.0000
79.6800 752.3409 1.0000
79.7000 686.1779 1.0000
79.7200 735.5727 1.0000
79.7400 712.4326 1.0000
79.7600 694.8825 1.0000
79.7800 641.1436 1.0000
79.8000 675.9321 1.0000
79.8200 711.9656 1.0000
79.8400 718.3737 1.0000
79.8600 658.1771 1.0000
79.8800 695.8857 1.0000
79.9000 691.4252 1.0000
79.9200 686.4570 1.0000
79.9400 690.8876 1.0000
79.9600 694.3647 1.0000
79.9800 708.8380 1.0000
80.0000 689.1399 1.0000
